1.200595600000000000e+07
2.830652000000000000e+06
2.053106300000000000e+07
1.606631000000000000e+06
4.786470000000000000e+05
5.704721000000000000e+06
6.889800000000000000e+05
4.824600000000000000e+05
1.908262000000000000e+06
1.133690000000000000e+05
4.192399000000000000e+06
4.966190000000000000e+05
4.190651000000000000e+06
1.848088000000000000e+06
1.464020000000000000e+05
1.168285000000000000e+06
1.590116000000000000e+06
3.150978000000000000e+06
4.079680000000000000e+05
1.231490000000000000e+05
2.118470000000000000e+06
1.182390000000000000e+05
1.183811000000000000e+06
4.788178000000000000e+06
5.789580000000000000e+05
9.576984000000000000e+06
4.096910000000000000e+05
1.099483000000000000e+06
1.744710000000000000e+06
1.470850000000000000e+06
4.952050000000000000e+05
3.469591000000000000e+06
5.676546000000000000e+06
2.496718500000000000e+07
4.652020000000000000e+05
1.463093700000000000e+07
7.776740000000000000e+05
1.288991000000000000e+06
4.543620000000000000e+05
1.017567300000000000e+07
2.685200000000000000e+06
7.236689000000000000e+06
4.601990000000000000e+05
2.037510000000000000e+05
3.453423000000000000e+06
1.084959000000000000e+07
6.564289000000000000e+06
3.445860000000000000e+05
9.954010000000000000e+05
1.477948000000000000e+06
1.528145000000000000e+06
2.279740000000000000e+05
4.057607000000000000e+06
2.185700000000000000e+05
2.127896000000000000e+06
3.524510000000000000e+05
5.847417000000000000e+06
4.575181000000000000e+06
2.960305000000000000e+06
6.967260000000000000e+05
1.098509900000000000e+07
4.080443000000000000e+06
3.986170000000000000e+06
3.188860000000000000e+05
3.458200000000000000e+05
2.808561000000000000e+06
3.830280000000000000e+05
1.382993600000000000e+07
6.571210000000000000e+05
9.053610000000000000e+05
2.676040000000000000e+05
2.525990000000000000e+05
3.449510000000000000e+05
1.607196000000000000e+06
7.999010000000000000e+05
1.960633000000000000e+06
8.546420000000000000e+05
1.070573800000000000e+07
1.948085000000000000e+06
3.754593000000000000e+06
2.220128000000000000e+06
7.460858000000000000e+06
4.392833000000000000e+06
8.100323000000000000e+06
3.010284000000000000e+06
3.101830000000000000e+05
4.325180000000000000e+05
9.321760000000000000e+05
4.435040000000000000e+05
1.482813000000000000e+06
8.790230000000000000e+05
2.237819000000000000e+06
2.913877000000000000e+06
2.158140000000000000e+05
2.969870000000000000e+05
1.970410000000000000e+05
4.728555000000000000e+06
1.980000000000000000e+06
1.152860000000000000e+06
5.435210000000000000e+05
1.659867000000000000e+06
3.156080000000000000e+05
3.472360000000000000e+05
5.756502000000000000e+06
6.790894000000000000e+06
1.080402000000000000e+06
2.615400000000000000e+06
2.730611000000000000e+06
2.602000000000000000e+05
6.459360000000000000e+05
6.699233000000000000e+06
3.389580000000000000e+05
8.309828000000000000e+06
3.907962000000000000e+06
1.556035000000000000e+06
7.607610000000000000e+05
5.325490000000000000e+05
2.419965000000000000e+06
3.747928000000000000e+06
1.439167000000000000e+06
8.534680000000000000e+06
1.468294000000000000e+06
3.825424000000000000e+06
1.700260000000000000e+05
7.238380000000000000e+05
3.116069000000000000e+06
2.617580000000000000e+05
7.606888000000000000e+06
1.574179000000000000e+06
1.604377000000000000e+06
7.581340000000000000e+05
9.451442000000000000e+06
1.160402200000000000e+07
1.817230000000000000e+05
1.530460000000000000e+05
7.232480000000000000e+05
1.108104300000000000e+07
1.406120000000000000e+05
2.084700000000000000e+05
4.757330000000000000e+05
4.300912000000000000e+06
2.674269000000000000e+06
2.653400000000000000e+05
3.635000000000000000e+05
5.174191000000000000e+06
1.337510000000000000e+05
2.413370000000000000e+05
3.474500000000000000e+06
1.905660000000000000e+05
1.563590000000000000e+05
3.702610000000000000e+05
1.343130000000000000e+05
2.401110000000000000e+05
1.259964000000000000e+06
8.209157000000000000e+06
7.418570000000000000e+05
9.062527000000000000e+06
5.473795000000000000e+06
3.092701000000000000e+06
1.036087300000000000e+07
1.974677000000000000e+06
1.461168500000000000e+07
5.369856000000000000e+06
5.574650000000000000e+05
1.031559000000000000e+06
1.835697900000000000e+07
6.598500000000000000e+04
2.303415000000000000e+06
1.118937000000000000e+06
4.045515000000000000e+06
1.157306000000000000e+06
1.377479000000000000e+06
3.982314000000000000e+06
1.278545000000000000e+06
5.428803000000000000e+06
5.490579000000000000e+06
1.506854300000000000e+07
4.159580000000000000e+05
5.511360000000000000e+05
2.270687000000000000e+06
2.109055000000000000e+06
1.902610000000000000e+05
3.337636000000000000e+06
1.027755000000000000e+06
8.822532000000000000e+06
3.704620000000000000e+05
3.313841900000000000e+07
5.372980000000000000e+05
2.769979700000000000e+07
1.133360000000000000e+06
2.084741000000000000e+06
3.287010000000000000e+06
3.829280000000000000e+05
1.150937000000000000e+06
6.972700000000000000e+05
5.107350000000000000e+05
9.408036000000000000e+06
3.055810000000000000e+05
4.350453000000000000e+06
3.139670000000000000e+05
6.134170000000000000e+05
2.071521700000000000e+07
4.362581000000000000e+06
7.369300000000000000e+04
1.566945200000000000e+07
4.429190000000000000e+05
1.968829100000000000e+07
5.697334000000000000e+06
1.225876000000000000e+06
1.558649300000000000e+07
1.821076000000000000e+06
1.797600000000000000e+06
1.044126000000000000e+06
4.722600000000000000e+05
1.787770000000000000e+05
8.154330000000000000e+05
1.519417700000000000e+07
3.140024000000000000e+06
1.959000000000000000e+05
1.226711000000000000e+06
8.752643000000000000e+06
8.848081000000000000e+06
5.683820000000000000e+05
3.348240000000000000e+05
9.110279000000000000e+06
1.806210000000000000e+05
4.498676000000000000e+06
2.720620000000000000e+05
2.253499000000000000e+06
1.806823000000000000e+06
1.116650000000000000e+05
1.322930000000000000e+05
2.600205000000000000e+06
6.821701000000000000e+06
5.022529000000000000e+06
1.636264400000000000e+07
3.604310000000000000e+05
1.368185000000000000e+06
2.580010000000000000e+05
5.624960000000000000e+05
3.173650000000000000e+05
9.584100000000000000e+05
2.181488000000000000e+06
6.549200000000000000e+05
1.331374600000000000e+07
5.726629000000000000e+06
1.160349100000000000e+07
1.426270000000000000e+05
4.015390000000000000e+05
3.277869000000000000e+06
