6.162391548902075578e-02
6.048796810421793735e-01
6.053557841229164627e-01
1.150513690437498238e-01
9.795695982367945420e-02
1.905903343325158691e-02
3.871935330038143543e-08
5.272944974434665699e-01
1.071641904732772432e-01
2.238367552463799495e-02
1.133818401659010405e-01
1.322096958539801526e-01
6.894627907739113437e-03
2.979540998265226004e-01
3.119748105051332529e-03
6.957643340268358789e-02
2.480807931599610938e-01
6.690340108126970886e-01
6.571842329756228951e-01
8.227551692332668587e-02
5.158042529943266535e-02
4.680143614010941894e-02
5.689821863695462278e-01
6.439194139567763209e-01
1.346114521751426429e-01
3.293513310152472173e-01
1.553648531541169421e-02
3.272176637051849024e-02
2.963069974300440099e-02
1.972130872159296167e-01
3.299479026390769038e-02
1.847281451100245553e-01
5.104753564546833655e-02
2.516936724490930755e-01
4.053097681123976614e-01
5.007484866557879721e-01
6.880660175540639911e-02
9.451180029015430195e-01
3.169660334385059897e-01
8.599453265068271457e-02
2.846877471988762398e-01
9.152471216280456678e-01
1.977353923890249332e-01
1.343264358888748844e-01
7.939159092388362038e-04
5.778242549590259514e-02
4.240560689444352049e-01
9.402456921318561034e-02
7.690604985148330464e-02
6.168790916165453053e-01
8.909570174091590022e-01
3.956286568812331095e-01
7.609474808329845796e-01
8.343763411288322995e-01
7.273790799991524114e-01
9.860844854720679509e-01
5.385272598199594141e-01
4.893947412286256404e-01
8.166151050477182816e-01
8.877056439274960686e-01
9.317912528482438228e-01
8.255501356163161830e-01
2.597038690571599751e-01
9.790245634104675077e-01
9.156122032100058039e-01
9.419300737527601664e-01
9.101277070210116449e-01
8.270696437726534622e-01
6.881942526489693845e-01
9.182383228946963127e-01
9.910488696733745773e-01
5.662167894596158435e-01
8.443637702663935318e-01
7.792128150709319856e-01
9.102252996054637224e-01
9.319032736499727188e-01
9.769546346480718624e-01
8.586693531147142622e-01
9.830833045893445643e-01
4.748240518419613587e-01
2.275697924237198022e-01
9.950244500848018925e-01
8.824186277671478562e-01
9.752987402038522102e-01
8.257180666971691840e-01
9.407480118178436213e-01
9.419868846814329899e-01
8.530695142675552844e-01
8.902760775467912779e-01
9.307810731353827194e-01
4.645490332292795954e-01
7.525980650207801936e-01
7.167322393843669204e-01
7.660901080304052257e-01
8.790764865208475776e-01
8.859814324756679627e-01
9.226029691285474454e-01
8.745839080203982041e-01
9.501455362742691202e-01
7.261190624832025708e-01
